# STAR             = Aldebaran
# RA(ICRS, deg)    = 68.980163
# Dec(ICRS, deg)   = 16.509302
# pmRA  (mas/yr)   = 63.4500
# pmDec (mas/yr)   = -188.940
# parallax (mas)   = 48.9400
# Vrad  (km/s)     = 54260.0
# Vtemplate (km/s) = 29617.0
# -------------------------------------------------------------------------------------------------------------------------------------- 
#           Filename                         JD_MID               BJD_MID           RV_raw        RV_bvc     Sigma1    Sigma2    Flux   
#                                            [days]                [days]            [m/s]         [m/s]      [m/s]     [m/s]    [ADU]  
# -------------------------------------------------------------------------------------------------------------------------------------- 
s1_2016-09-27T02-29-47_ext.iod        2457658.6042586002  2457658.6074533626      27476.89      54501.56     61.24      1.68   43188.2
s1_2016-09-27T02-30-31_ext.iod        2457658.6047638999  2457658.6079587075      27475.60      54499.23     63.62      1.85   51669.5
s1_2016-09-27T02-31-14_ext.iod        2457658.6052656001  2457658.6084604529      27475.00      54497.60     57.82      1.59   52779.2
s1_2016-09-28T00-31-39_ext.iod        2457659.5222216002  2457659.5254979050      27571.38      54508.90     62.33      1.80   43955.0
s1_2016-09-28T00-32-23_ext.iod        2457659.5227255998  2457659.5260019498      27574.66      54511.65     61.49      1.90   49487.7
s1_2016-09-28T00-33-06_ext.iod        2457659.5232279999  2457659.5265043951      27571.82      54508.28     64.00      1.96   50101.7
s1_2016-09-28T04-00-12_ext.iod        2457659.6670447001  2457659.6703339559      27849.77      54508.25     58.54      1.50   52100.8
s1_2016-09-28T04-00-56_ext.iod        2457659.6675485000  2457659.6708378005      27852.16      54509.35     56.27      1.48   61799.2
s1_2016-09-28T04-01-39_ext.iod        2457659.6680522002  2457659.6713415459      27853.62      54509.51     54.88      1.42   60544.7
s1_2016-09-29T00-34-59_ext.iod        2457660.5245317998  2457660.5278965426      27787.21      54498.88     58.61      1.64   42912.8
s1_2016-09-29T00-35-43_ext.iod        2457660.5250355001  2457660.5284002880      27785.04      54496.14     61.51      1.73   46771.9
s1_2016-09-29T00-36-26_ext.iod        2457660.5255379998  2457660.5289028324      27788.09      54498.62     61.84      1.73   42676.9
s1_2016-09-29T03-46-25_ext.iod        2457660.6574744000  2457660.6608509351      28038.99      54493.39     58.86      1.38   45022.1
s1_2016-09-29T03-47-09_ext.iod        2457660.6579781999  2457660.6613547793      28039.78      54492.89     56.85      1.44   58220.8
s1_2016-09-29T03-47-52_ext.iod        2457660.6584804999  2457660.6618571235      28041.13      54492.97     59.95      1.52   60082.3
s1_2016-09-29T06-29-06_ext.iod        2457660.7704455000  2457660.7738319449      28330.09      54484.97     52.72      1.30   68262.3
s1_2016-09-29T06-29-50_ext.iod        2457660.7709535998  2457660.7743400889      28330.71      54484.29     55.59      1.34   78662.0
s1_2016-09-29T06-30-34_ext.iod        2457660.7714590002  2457660.7748455335      28335.39      54487.68     53.05      1.34   78022.5
s1_2016-09-30T00-34-56_ext.iod        2457661.5244990001  2457661.5279512191      27975.93      54455.60     58.65      1.52   54555.8
s1_2016-09-30T00-35-40_ext.iod        2457661.5250072000  2457661.5284594642      27975.96      54455.03     59.03      1.62   56642.3
s1_2016-09-30T00-36-24_ext.iod        2457661.5255125002  2457661.5289648087      27978.07      54456.54     58.29      1.57   51539.0
s1_2016-09-30T04-25-32_ext.iod        2457661.6846338999  2457661.6881001815      28298.51      54444.59     52.68      1.33   56633.1
s1_2016-09-30T04-26-15_ext.iod        2457661.6851388002  2457661.6886051255      28296.77      54441.50     53.18      1.25   72945.6
s1_2016-09-30T04-26-59_ext.iod        2457661.6856442001  2457661.6891105697      28300.66      54444.04     52.86      1.24   71201.6
s1_2016-09-30T06-23-51_ext.iod        2457661.7667967002  2457661.7702701152      28510.73      54437.00     53.69      1.35   68519.9
s1_2016-09-30T06-24-35_ext.iod        2457661.7673038999  2457661.7707773587      28512.44      54437.41     54.03      1.39   81177.6
s1_2016-09-30T06-25-19_ext.iod        2457661.7678163000  2457661.7712898031      28514.12      54437.78     54.00      1.34   80882.2
s1_2016-10-01T06-08-37_ext.iod        2457662.7562259999  2457662.7597850114      28725.94      54433.25     54.44      1.32   56894.8
s1_2016-10-01T06-09-21_ext.iod        2457662.7567302999  2457662.7602893542      28728.01      54434.01     56.88      1.30   62223.8
s1_2016-10-01T06-10-05_ext.iod        2457662.7572363000  2457662.7607953981      28727.80      54432.48     52.12      1.23   65755.7
s1_2016-10-02T00-36-04_ext.iod        2457663.5252870000  2457663.5289118793      28489.79      54478.93     62.06      1.63   39646.0
s1_2016-10-02T00-36-48_ext.iod        2457663.5257930001  2457663.5294179232      28493.13      54481.62     61.21      1.56   43337.3
s1_2016-10-02T00-37-31_ext.iod        2457663.5262954002  2457663.5299203666      28495.20      54483.04     61.18      1.47   43128.0
s1_2016-10-02T02-08-59_ext.iod        2457663.5898132999  2457663.5934437606      28605.72      54485.00     56.55      1.44   47241.9
s1_2016-10-02T02-09-43_ext.iod        2457663.5903194002  2457663.5939499042      28605.22      54483.44     59.54      1.52   55174.0
s1_2016-10-02T02-10-26_ext.iod        2457663.5908212001  2457663.5944517474      28607.09      54484.26     56.80      1.45   55958.9
s1_2016-10-02T06-05-44_ext.iod        2457663.7542225998  2457663.7578671374      29031.63      54489.58     57.51      1.29   61579.1
s1_2016-10-02T06-06-28_ext.iod        2457663.7547313999  2457663.7583759809      29031.24      54487.85     57.37      1.31   63152.1
s1_2016-10-02T06-07-12_ext.iod        2457663.7552390001  2457663.7588836243      29035.11      54490.40     56.47      1.36   63057.3
s1_2016-10-03T00-35-08_ext.iod        2457664.5246306998  2457664.5283405785      28802.41      54535.13     57.70      1.56   48144.0
s1_2016-10-03T00-35-51_ext.iod        2457664.5251389001  2457664.5288488227      28802.48      54534.53     58.77      1.59   52392.4
s1_2016-10-03T00-36-35_ext.iod        2457664.5256432998  2457664.5293532657      28805.46      54536.85     59.28      1.50   54608.0
s1_2016-10-03T02-09-10_ext.iod        2457664.5899327998  2457664.5936482712      28919.58      54538.61     58.79      1.46   35649.1
s1_2016-10-03T02-09-54_ext.iod        2457664.5904406002  2457664.5941561149      28920.21      54538.15     62.18      1.60   47918.1
s1_2016-10-03T02-10-37_ext.iod        2457664.5909473998  2457664.5946629578      28922.17      54539.04     60.94      1.65   51654.9
s1_2016-10-04T00-35-13_ext.iod        2457665.5246322998  2457665.5284263734      29067.76      54535.09     67.45      1.94   21633.0
s1_2016-10-04T00-35-47_ext.iod        2457665.5250236001  2457665.5288177072      29069.40      54536.20     63.11      1.76   23373.3
s1_2016-10-04T00-36-21_ext.iod        2457665.5254191998  2457665.5292133405      29071.37      54537.63     66.55      1.80   25983.5
s1_2016-10-04T02-35-22_ext.iod        2457665.6080752001  2457665.6118763406      29219.27      54529.44     61.71      1.62   26215.1
s1_2016-10-04T02-35-56_ext.iod        2457665.6084718001  2457665.6122729741      29218.51      54527.75     63.57      1.45   30691.6
s1_2016-10-04T02-36-32_ext.iod        2457665.6088788002  2457665.6126800082      29219.36      54527.65     67.14      1.72   31957.7
s1_2016-10-05T00-35-32_ext.iod        2457666.5248551001  2457666.5287324986      29277.97      54471.61     67.19      2.18   12328.4
s1_2016-10-05T00-36-06_ext.iod        2457666.5252512000  2457666.5291286316      29279.25      54472.33     61.88      1.74   20714.0
s1_2016-10-05T00-36-40_ext.iod        2457666.5256392001  2457666.5295166643      29278.15      54470.68     60.53      1.64   25481.2
s1_2016-10-05T02-09-24_ext.iod        2457666.5900389999  2457666.5939218630      29393.28      54467.93     60.07      1.58   24318.5
s1_2016-10-05T02-09-58_ext.iod        2457666.5904317000  2457666.5943145957      29394.33      54468.12     58.21      1.61   21415.8
s1_2016-10-05T02-10-31_ext.iod        2457666.5908204000  2457666.5947033283      29394.86      54467.79     57.21      1.54   26329.4
s1_2016-10-06T00-36-24_ext.iod        2457667.5254529999  2457667.5294128391      29528.05      54439.62     68.71      2.01   18636.7
s1_2016-10-06T00-36-58_ext.iod        2457667.5258475002  2457667.5298073725      29527.64      54438.63     67.80      1.95   19549.3
s1_2016-10-06T00-37-31_ext.iod        2457667.5262365998  2457667.5301965042      29527.66      54438.07     60.53      1.72   18835.3
s1_2016-10-06T02-08-25_ext.iod        2457667.5893593999  2457667.5933245365      29645.25      54437.59     58.62      1.54   27922.7
s1_2016-10-06T02-08-59_ext.iod        2457667.5897539002  2457667.5937190694      29645.71      54437.17     59.38      1.59   28668.2
s1_2016-10-06T02-09-33_ext.iod        2457667.5901433001  2457667.5941085014      29647.55      54438.14     60.15      1.62   26869.2
s1_2016-10-07T00-36-29_ext.iod        2457668.5255160001  2457668.5295572951      29781.74      54404.32     64.09      1.87   16770.6
s1_2016-10-07T00-37-05_ext.iod        2457668.5259293001  2457668.5299706291      29783.94      54405.89     57.55      1.59   18902.7
s1_2016-10-07T00-37-43_ext.iod        2457668.5263748001  2457668.5304161655      29784.25      54405.53     61.33      1.68   17821.8
s1_2016-10-07T02-10-01_ext.iod        2457668.5904685999  2457668.5945152156      29904.85      54403.26     56.78      1.47   41899.7
s1_2016-10-07T02-10-41_ext.iod        2457668.5909314002  2457668.5949780536      29908.97      54406.33     60.74      1.65   35001.0
s1_2016-10-07T02-11-19_ext.iod        2457668.5913737002  2457668.5954203899      29909.48      54405.83     61.49      1.48   32159.9
s1_2016-10-08T06-02-24_ext.iod        2457669.7518480001  2457669.7559879469      30699.61      54471.20     67.76      1.88   36536.2
s1_2016-10-08T06-02-58_ext.iod        2457669.7522362000  2457669.7563761775      30699.79      54470.38     65.15      1.77   43523.4
s1_2016-10-08T06-03-32_ext.iod        2457669.7526321998  2457669.7567722085      30702.49      54472.06     67.07      1.87   39717.2
s1_2016-10-09T06-04-34_ext.iod        2457670.7533522998  2457670.7575716283      31108.72      54568.41     71.99      2.09   33170.3
s1_2016-10-09T06-05-08_ext.iod        2457670.7537460001  2457670.7579653594      31110.19      54568.86     68.06      2.13   43216.7
s1_2016-10-09T06-05-42_ext.iod        2457670.7541390001  2457670.7583583901      31113.92      54571.58     69.40      2.09   41086.3
s1_2016-10-10T06-22-37_ext.iod        2457671.7658862001  2457671.7701847395      31426.25      54539.42     91.61      3.25   31661.5
s1_2016-10-10T06-23-11_ext.iod        2457671.7662801002  2457671.7705786698      31429.83      54542.02     67.95      2.12   46572.6
s1_2016-10-10T06-23-45_ext.iod        2457671.7666749000  2457671.7709735003      31432.49      54543.71     69.04      2.06   44717.0
s1_2016-10-11T06-22-45_ext.iod        2457672.7659784998  2457672.7703542355      31623.25      54414.66     73.06      2.23   36038.2
s1_2016-10-11T06-23-19_ext.iod        2457672.7663683998  2457672.7707441654      31623.02      54413.47     77.60      2.38   39972.3
s1_2016-10-11T06-23-53_ext.iod        2457672.7667693002  2457672.7711450960      31622.14      54411.61     75.16      2.35   40159.2
s1_2016-10-14T06-21-52_ext.iod        2457675.7653629002  2457675.7699636901      32754.79      54544.92     76.31      2.48   29732.2
s1_2016-10-14T06-22-25_ext.iod        2457675.7657523002  2457675.7703531184      32755.68      54544.86     74.76      2.45   31365.7
s1_2016-10-14T06-22-59_ext.iod        2457675.7661412000  2457675.7707420462      32757.99      54546.23     73.36      2.36   28168.0
s1_2016-10-20T06-20-50_ext.iod        2457681.7646422000  2457681.7696621800      34847.59      54470.22     79.48      2.75   31949.6
s1_2016-10-20T06-21-23_ext.iod        2457681.7650303999  2457681.7700504055      34849.50      54471.24     74.18      2.51   36533.5
s1_2016-10-20T06-21-57_ext.iod        2457681.7654253999  2457681.7704454311      34850.54      54471.37     74.45      2.60   35528.0
s1_2016-10-22T03-11-10_ext.iod        2457683.6329365000  2457683.6380780945      35319.00      54522.50     78.30      2.52   27004.5
s1_2016-10-22T03-11-44_ext.iod        2457683.6333289999  2457683.6384706195      35319.09      54521.47     73.95      2.48   34755.9
s1_2016-10-22T03-12-18_ext.iod        2457683.6337166000  2457683.6388582448      35321.56      54522.83     73.86      2.54   37401.3
s1_2016-10-23T02-49-18_ext.iod        2457684.6177470000  2457684.6229508687      35616.37      54465.77     76.54      2.55   22006.9
s1_2016-10-23T02-49-51_ext.iod        2457684.6181351002  2457684.6233389932      35616.45      54464.75     73.51      2.60   24502.5
s1_2016-10-23T02-50-26_ext.iod        2457684.6185309999  2457684.6237349175      35619.35      54466.54     79.36      2.75   23404.4
s1_2016-11-08T02-50-57_ext.iod        2457700.6188905998  2457700.6249143477      42842.55      54550.91     71.94      2.29   28717.2
s1_2016-11-08T02-51-31_ext.iod        2457700.6192939999  2457700.6253177635      42844.14      54551.31     67.28      2.16   31929.3
s1_2016-11-08T02-52-05_ext.iod        2457700.6196856000  2457700.6257093791      42846.73      54552.75     67.97      2.11   31208.7
s1_2016-11-09T02-56-03_ext.iod        2457701.6224361002  2457701.6284983288      43289.10      54502.46     64.26      2.07   29617.8
s1_2016-11-09T02-56-38_ext.iod        2457701.6228403002  2457701.6289025438      43293.93      54506.10     65.42      2.12   29398.2
s1_2016-11-09T02-57-14_ext.iod        2457701.6232634000  2457701.6293256595      43292.13      54503.06     68.49      2.26   26437.2
s1_2016-11-10T02-49-35_ext.iod        2457702.6179513000  2457702.6240501110      43707.33      54446.22     61.82      2.00   49132.8
s1_2016-11-10T02-50-10_ext.iod        2457702.6183549999  2457702.6244538254      43708.96      54446.65     65.64      1.83   56692.8
s1_2016-11-10T02-50-47_ext.iod        2457702.6187745002  2457702.6248733406      43708.54      54445.01     66.74      2.00   52050.1
s1_2016-11-11T02-48-02_ext.iod        2457703.6168646002  2457703.6229985156      44233.45      54484.99     65.98      1.93   56646.9
s1_2016-11-11T02-48-36_ext.iod        2457703.6172595001  2457703.6233934290      44233.85      54484.23     62.25      1.98   57955.2
s1_2016-11-11T02-49-10_ext.iod        2457703.6176546002  2457703.6237885426      44235.34      54484.56     62.85      1.81   56561.8
s1_2016-11-12T02-49-06_ext.iod        2457704.6176061998  2457704.6237736642      44767.36      54523.48     70.92      2.27   25497.4
s1_2016-11-12T02-49-40_ext.iod        2457704.6180039998  2457704.6241714773      44769.23      54524.18     67.35      2.07   32681.1
s1_2016-11-12T02-50-14_ext.iod        2457704.6183972000  2457704.6245646900      44768.75      54522.54     66.93      2.04   40094.5
s1_2016-11-13T02-47-50_ext.iod        2457705.6167361001  2457705.6229354339      45259.24      54522.07     66.71      1.87   66882.8
s1_2016-11-13T02-48-25_ext.iod        2457705.6171304001  2457705.6233297461      45258.20      54519.86     67.00      1.98   71703.2
s1_2016-11-13T02-48-59_ext.iod        2457705.6175265000  2457705.6237258585      45259.32      54519.82     66.50      1.88   68963.0
s1_2016-11-16T02-40-55_ext.iod        2457708.6119280001  2457708.6182130524      46591.23      54364.82     63.74      2.02   52521.4
s1_2016-11-16T02-41-29_ext.iod        2457708.6123235002  2457708.6186085627      46589.88      54362.31     67.39      2.03   60997.2
s1_2016-11-16T02-42-04_ext.iod        2457708.6127227000  2457708.6190077732      46593.74      54365.00     66.92      1.98   63661.0
s1_2016-11-17T02-40-54_ext.iod        2457709.6119174999  2457709.6182278609      47141.64      54408.59     73.17      2.38   65952.7
s1_2016-11-17T02-41-29_ext.iod        2457709.6123166000  2457709.6186269708      47143.04      54408.82     76.24      2.56   70119.6
s1_2016-11-17T02-42-03_ext.iod        2457709.6127169002  2457709.6190272807      47143.67      54408.27     74.88      2.45   70810.5
s1_2016-11-18T03-26-44_ext.iod        2457710.6437496999  2457710.6500844094      47858.73      54525.12    111.91      4.35    4328.4
s1_2016-11-18T03-27-19_ext.iod        2457710.6441445001  2457710.6504792180      47863.82      54529.12    115.66      4.93    3906.8
s1_2016-11-18T03-27-54_ext.iod        2457710.6445491002  2457710.6508838274      47865.68      54529.85     82.45      3.22   13532.1
s1_2016-11-20T05-29-10_ext.iod        2457712.7287623002  2457712.7351406831      49020.26      54458.96     73.43      2.32   42233.2
s1_2016-11-20T05-29-44_ext.iod        2457712.7291571000  2457712.7355354899      49020.24      54458.19     71.39      2.29   43643.2
s1_2016-11-20T05-30-18_ext.iod        2457712.7295589000  2457712.7359372973      49021.27      54458.48     75.46      2.51   44685.5
s1_2016-11-21T05-27-26_ext.iod        2457713.7275646999  2457713.7339614215      49552.89      54478.30     73.99      2.41   30719.8
s1_2016-11-21T05-28-00_ext.iod        2457713.7279587998  2457713.7343555279      49554.22      54478.89     74.39      2.32   26976.6
s1_2016-11-21T05-28-35_ext.iod        2457713.7283605998  2457713.7347573345      49556.22      54480.15     76.16      2.61   19793.1
s1_2016-11-24T05-29-11_ext.iod        2457716.7287832000  2457716.7352247173      51054.76      54417.46     74.13      2.16   31569.5
s1_2016-11-24T05-29-46_ext.iod        2457716.7291786000  2457716.7356201219      51054.47      54416.48     70.69      2.16   43016.6
s1_2016-11-24T05-30-20_ext.iod        2457716.7295789998  2457716.7360205264      51056.96      54418.28     71.19      2.16   42908.5
s1_2016-11-25T05-37-26_ext.iod        2457717.7345078001  2457717.7409608387      51552.15      54381.21     68.23      1.92   44358.2
s1_2016-11-25T05-38-02_ext.iod        2457717.7349239001  2457717.7413769425      51553.97      54382.35     73.01      2.12   42214.3
s1_2016-11-25T05-38-36_ext.iod        2457717.7353164000  2457717.7417694461      51552.74      54380.48     70.10      2.08   46182.5
s1_2016-11-28T05-57-20_ext.iod        2457720.7483256999  2457720.7548027090      53215.25      54444.64     70.69      2.32   47113.3
s1_2016-11-28T05-57-56_ext.iod        2457720.7487459001  2457720.7552229105      53213.64      54442.48     70.04      2.21   46428.3
s1_2016-11-28T05-58-30_ext.iod        2457720.7491382002  2457720.7556152125      53214.15      54442.48     70.02      2.28   47585.9
s1_2016-11-29T02-45-40_ext.iod        2457721.6152312998  2457721.6217123903      53432.04      54416.74     72.42      2.37   39534.5
s1_2016-11-29T02-46-15_ext.iod        2457721.6156262001  2457721.6221072921      53434.02      54417.62     67.64      2.18   58697.4
s1_2016-11-29T02-46-49_ext.iod        2457721.6160219000  2457721.6225029929      53433.17      54415.66     67.66      2.18   50204.3
s1_2016-11-30T02-40-17_ext.iod        2457722.6114882999  2457722.6179723116      53995.40      54457.79     73.34      2.46   20982.9
s1_2016-11-30T02-40-51_ext.iod        2457722.6118824999  2457722.6183665120      53992.08      54453.37     75.81      2.61   22954.9
s1_2016-11-30T02-41-26_ext.iod        2457722.6122821998  2457722.6187662124      53997.41      54457.59     72.61      2.32   22574.2
s1_2016-12-04T02-47-50_ext.iod        2457726.6167259002  2457726.6232040408      56101.98      54418.10     71.61      2.52   38067.3
s1_2016-12-04T02-48-24_ext.iod        2457726.6171252001  2457726.6236033384      56102.54      54417.59     72.15      2.36   36321.1
s1_2016-12-04T02-48-58_ext.iod        2457726.6175203999  2457726.6239985358      56103.48      54417.47     76.88      2.52   34805.8
s1_2016-12-05T02-24-39_ext.iod        2457727.6006302000  2457727.6071025971      56661.50      54489.54     70.67      2.26   56320.0
s1_2016-12-05T02-25-13_ext.iod        2457727.6010262002  2457727.6074985946      56662.20      54489.14     69.34      2.25   54292.6
s1_2016-12-05T02-25-48_ext.iod        2457727.6014315002  2457727.6079038917      56665.14      54490.96     72.69      2.39   58942.6
s1_2016-12-06T02-23-02_ext.iod        2457728.5995073998  2457728.6059722216      57189.17      54489.15     69.23      2.19   39072.4
s1_2016-12-06T02-23-37_ext.iod        2457728.5999115999  2457728.6063764184      57191.10      54489.96     72.52      2.30   52052.8
s1_2016-12-06T02-24-11_ext.iod        2457728.6003069002  2457728.6067717150      57191.32      54489.10     73.41      2.49   50463.9
s1_2016-12-07T02-22-01_ext.iod        2457729.5988016999  2457729.6052571968      57737.06      54509.02     75.97      2.48   49178.0
s1_2016-12-07T02-22-35_ext.iod        2457729.5991966999  2457729.6056521926      57738.11      54508.99     71.45      2.24   52646.2
s1_2016-12-07T02-23-11_ext.iod        2457729.5996117000  2457729.6060671881      57737.25      54506.98     76.76      2.37   47919.0
s1_2016-12-08T02-29-54_ext.iod        2457730.6042762999  2457730.6107206517      58291.01      54519.65     70.20      2.22   37359.0
s1_2016-12-08T02-30-28_ext.iod        2457730.6046747002  2457730.6111190468      58290.62      54518.18     70.88      2.17   44048.2
s1_2016-12-08T02-31-02_ext.iod        2457730.6050685998  2457730.6115129418      58290.55      54517.06     70.08      2.12   44481.4
s1_2016-12-09T02-30-42_ext.iod        2457731.6048293998  2457731.6112609180      58766.95      54467.38     70.43      2.26   56930.5
s1_2016-12-09T02-31-17_ext.iod        2457731.6052345000  2457731.6116660126      58767.87      54467.22     63.35      2.11   47838.7
s1_2016-12-09T02-31-51_ext.iod        2457731.6056325999  2457731.6120641064      58767.89      54466.18     65.08      2.04   47265.5
s1_2016-12-10T02-42-46_ext.iod        2457732.6132155000  2457732.6196323219      59259.13      54412.86     67.97      2.50   48209.0
s1_2016-12-10T02-43-20_ext.iod        2457732.6136099999  2457732.6200268157      59260.32      54413.04     69.56      2.41   49034.4
s1_2016-12-10T02-43-55_ext.iod        2457732.6140116001  2457732.6204284094      59262.92      54414.61     69.44      2.47   49138.0
s1_2016-12-11T02-31-20_ext.iod        2457733.6052766000  2457733.6116772606      59789.59      54440.99     71.92      2.29   48671.4
s1_2016-12-11T02-31-55_ext.iod        2457733.6056746999  2457733.6120753530      59792.99      54443.36     71.65      2.36   51175.5
s1_2016-12-11T02-32-29_ext.iod        2457733.6060676998  2457733.6124683460      59791.92      54441.26     67.75      2.24   51225.7
s1_2016-12-14T02-30-29_ext.iod        2457736.6046782001  2457736.6110196994      61345.84      54441.37     70.31      2.14   64844.1
s1_2016-12-14T02-31-03_ext.iod        2457736.6050772001  2457736.6114186901      61346.83      54441.34     65.07      1.87   55047.8
s1_2016-12-14T02-31-37_ext.iod        2457736.6054696999  2457736.6118111811      61346.41      54439.93     69.49      2.15   63638.4
s1_2016-12-15T03-55-27_ext.iod        2457737.6636893000  2457737.6700061853      62022.61      54473.03     73.13      2.24   20185.7
s1_2016-12-15T03-56-02_ext.iod        2457737.6640876001  2457737.6704044752      62024.40      54474.09     71.40      2.11   26222.6
s1_2016-12-15T03-56-36_ext.iod        2457737.6644854001  2457737.6708022654      62024.20      54473.16     71.33      2.11   26496.4
s1_2016-12-15T20-20-01_ext.iod        2457738.3474099999  2457738.3537100246      61681.44      54440.36     68.43      2.10   44414.9
s1_2016-12-15T20-20-35_ext.iod        2457738.3478084002  2457738.3541084155      61684.14      54442.31     66.12      2.07   43516.0
s1_2016-12-15T20-21-10_ext.iod        2457738.3482122002  2457738.3545122058      61685.61      54443.00     69.97      2.20   43330.2
s1_2016-12-15T22-20-20_ext.iod        2457738.4309645998  2457738.4372625798      61875.91      54437.25     69.55      2.18   27376.1
s1_2016-12-15T22-20-54_ext.iod        2457738.4313608999  2457738.4376588701      61876.84      54437.09     67.55      2.10   30530.5
s1_2016-12-15T22-21-28_ext.iod        2457738.4317572000  2457738.4380551605      61877.83      54437.00     70.11      2.08   38599.6
s1_2016-12-16T03-54-16_ext.iod        2457738.6628624001  2457738.6691543693      62476.09      54416.09     70.92      1.93   37940.8
s1_2016-12-16T03-54-51_ext.iod        2457738.6632747999  2457738.6695667580      62475.87      54415.13     70.55      2.04   31887.8
s1_2016-12-16T03-55-26_ext.iod        2457738.6636713999  2457738.6699633473      62480.13      54418.67     69.56      2.26   36139.3
s1_2016-12-22T20-17-41_ext.iod        2457745.3457938000  2457745.3518760190      65239.87      54465.20    111.42      4.67    4766.8
s1_2016-12-22T20-18-16_ext.iod        2457745.3461970999  2457745.3522793045      65234.05      54458.53     85.62      3.14   11624.7
s1_2016-12-22T22-56-55_ext.iod        2457745.4563718000  2457745.4624499939      65521.40      54458.66     93.34      3.57    7034.5
s1_2016-12-22T22-58-04_ext.iod        2457745.4571698001  2457745.4632479646      65525.10      54460.02     90.98      3.31    9971.1
s1_2016-12-28T19-58-38_ext.iod        2457751.3325626999  2457751.3383947103      68126.71      54459.85     86.13      3.18   19155.3
s1_2016-12-28T19-59-13_ext.iod        2457751.3329632999  2457751.3387952922      68126.18      54458.47     88.01      3.00   19796.2
s1_2016-12-28T19-59-47_ext.iod        2457751.3333618999  2457751.3391938740      68126.95      54458.40     91.81      3.52   16665.7
s1_2016-12-28T20-43-09_ext.iod        2457751.3634807002  2457751.3693112973      68196.89      54459.32     86.46      3.02   16448.1
s1_2016-12-28T20-43-44_ext.iod        2457751.3638847000  2457751.3697152785      68196.02      54457.47     83.30      2.78   28941.5
s1_2016-12-28T20-44-19_ext.iod        2457751.3642849000  2457751.3701154604      68195.31      54455.77     94.80      3.32   11533.6
s1_2016-12-29T03-56-12_ext.iod        2457751.6642026999  2457751.6700191069      68930.96      54442.25     84.94      2.94   20348.7
s1_2016-12-29T03-56-46_ext.iod        2457751.6645976999  2457751.6704140878      68931.45      54442.24     78.46      2.77   19065.2
s1_2016-12-29T03-57-21_ext.iod        2457751.6650026999  2457751.6708190683      68931.95      54442.23     86.04      3.08   20869.3
s1_2016-12-29T19-57-37_ext.iod        2457752.3318547001  2457752.3376393938      68510.72      54372.78     78.15      2.54   38146.3
s1_2016-12-29T19-58-11_ext.iod        2457752.3322532000  2457752.3380378750      68511.70      54372.91     76.49      2.43   41475.4
s1_2016-12-29T19-58-46_ext.iod        2457752.3326544999  2457752.3384391558      68511.77      54372.12     81.28      2.58   42470.8
s1_2016-12-29T22-28-41_ext.iod        2457752.4367680000  2457752.4425477004      68772.08      54361.37     73.96      2.28   50424.2
s1_2016-12-29T22-29-16_ext.iod        2457752.4371667998  2457752.4429464811      68771.56      54359.70     78.11      2.23   61945.8
s1_2016-12-29T22-29-51_ext.iod        2457752.4375785999  2457752.4433582611      68773.36      54360.29     77.23      2.35   59792.6
s1_2016-12-30T03-53-56_ext.iod        2457752.6626300998  2457752.6683987128      69286.07      54330.67    118.18      4.69    3846.5
s1_2016-12-30T03-54-30_ext.iod        2457752.6630302002  2457752.6687987931      69299.25      54343.36    105.50      4.19    5802.3
s1_2016-12-30T03-55-05_ext.iod        2457752.6634339001  2457752.6692024730      69297.03      54340.64    124.32      5.06    3530.4
s1_2016-12-30T19-47-04_ext.iod        2457753.3245350998  2457753.3302712482      68925.30      54334.97    125.37      4.99    2787.1
s1_2016-12-30T19-47-38_ext.iod        2457753.3249300001  2457753.3306661290      68927.88      54336.73    110.32      4.40    4129.5
s1_2016-12-30T19-48-13_ext.iod        2457753.3253321000  2457753.3310682094      68922.01      54330.02    113.29      4.74    3692.8
s1_2016-12-30T22-28-38_ext.iod        2457753.4367344999  2457753.4424651358      69224.44      54344.36     82.29      2.72   52822.6
s1_2016-12-30T22-29-13_ext.iod        2457753.4371305001  2457753.4428611165      69222.93      54341.69     83.22      2.75   62330.4
s1_2016-12-30T22-29-47_ext.iod        2457753.4375288999  2457753.4432594967      69224.34      54341.95     86.13      2.76   61113.1
s1_2016-12-31T03-54-04_ext.iod        2457753.6627286002  2457753.6684477897      69780.73      54361.48     86.29      3.03   17864.8
s1_2016-12-31T03-54-39_ext.iod        2457753.6631279001  2457753.6688470691      69782.03      54362.31     91.76      3.10   19525.1
s1_2016-12-31T03-55-13_ext.iod        2457753.6635288000  2457753.6692479486      69781.45      54361.26     88.43      3.17   15403.9
s1_2017-01-03T22-30-02_ext.iod        2457757.4376999000  2457757.4432306178      71028.64      54320.46     75.73      2.22   32787.4
s1_2017-01-03T22-30-36_ext.iod        2457757.4380946001  2457757.4436252960      71027.15      54317.82     73.62      2.28   34869.5
s1_2017-01-03T22-31-10_ext.iod        2457757.4384893002  2457757.4440199742      71028.19      54317.72     76.76      2.41   29537.1
s1_2017-01-04T03-54-20_ext.iod        2457757.6629070998  2457757.6684250459      71539.67      54319.72    108.01      4.16    4427.8
s1_2017-01-04T03-54-54_ext.iod        2457757.6633013999  2457757.6688193236      71545.49      54325.14    120.12      5.06    3216.4
s1_2017-01-04T03-55-28_ext.iod        2457757.6636974001  2457757.6692153011      71526.27      54305.53    153.96      6.28    2240.6
s1_2017-01-04T19-33-48_ext.iod        2457758.3153154999  2457758.3207965880      71187.39      54356.85     75.96      2.44   21672.6
s1_2017-01-04T19-34-22_ext.iod        2457758.3157096999  2457758.3211907661      71188.96      54357.59     75.11      2.39   22164.3
s1_2017-01-04T19-34-56_ext.iod        2457758.3161077001  2457758.3215887439      71188.89      54356.68     75.79      2.40   21646.5
s1_2017-01-04T22-04-43_ext.iod        2457758.4201201000  2457758.4255952598      71462.75      54363.30     82.37      2.72   10936.6
s1_2017-01-04T22-05-17_ext.iod        2457758.4205152001  2457758.4259903370      71461.91      54361.33     78.69      2.55   18037.2
s1_2017-01-04T22-05-52_ext.iod        2457758.4209174998  2457758.4263926139      71466.04      54364.31     75.92      2.36   20475.7
s1_2017-01-05T03-54-31_ext.iod        2457758.6630413001  2457758.6685023457      72026.97      54371.40     92.42      3.70   12636.3
s1_2017-01-05T03-55-06_ext.iod        2457758.6634410000  2457758.6689020218      72030.88      54374.94     89.46      3.45   12478.1
s1_2017-01-05T03-55-40_ext.iod        2457758.6638342999  2457758.6692952989      72029.92      54373.61     84.59      3.17   11723.8
s1_2017-01-05T22-27-18_ext.iod        2457759.4358059000  2457759.4412221620      71986.55      54405.68     77.09      2.46   32713.7
s1_2017-01-05T22-27-52_ext.iod        2457759.4362018998  2457759.4416181385      71986.25      54404.24     72.81      2.25   38166.7
s1_2017-01-05T22-28-27_ext.iod        2457759.4366016001  2457759.4420178155      71991.21      54408.04     75.63      2.45   35224.3
s1_2017-01-06T03-57-10_ext.iod        2457759.6648824001  2457759.6702850042      72497.31      54410.78     99.43      3.80    6866.9
s1_2017-01-06T03-57-45_ext.iod        2457759.6652827002  2457759.6706852801      72500.95      54414.08     98.95      3.88    6269.5
s1_2017-01-06T03-58-19_ext.iod        2457759.6656779000  2457759.6710804561      72504.39      54417.18    111.93      4.46    4283.6
s1_2017-01-07T20-24-12_ext.iod        2457761.3503232002  2457761.3556244364      72620.46      54421.63    107.71      4.10    4976.4
s1_2017-01-07T20-24-47_ext.iod        2457761.3507241998  2457761.3560254117      72623.85      54424.01    111.31      4.33    5810.8
s1_2017-01-07T20-25-21_ext.iod        2457761.3511200999  2457761.3564212876      72625.99      54425.16     96.39      3.66    7732.3
s1_2017-01-07T21-02-38_ext.iod        2457761.3770094998  2457761.3823091132      72689.16      54420.56     79.44      2.45   23370.7
s1_2017-01-07T21-03-12_ext.iod        2457761.3774060998  2457761.3827056889      72691.27      54421.59     82.56      2.63   25723.9
s1_2017-01-07T21-03-47_ext.iod        2457761.3778038002  2457761.3831033651      72692.54      54421.79     85.20      2.76   21356.9
s1_2017-01-10T20-00-02_ext.iod        2457764.3335338002  2457764.3386457996      73716.01      54325.28     79.07      2.54   32440.7
s1_2017-01-10T20-00-36_ext.iod        2457764.3339334000  2457764.3390453737      73716.45      54324.75     81.60      2.64   29600.3
s1_2017-01-10T20-01-11_ext.iod        2457764.3343353998  2457764.3394473474      73715.77      54323.09     76.42      2.48   23005.7
s1_2017-01-10T22-26-25_ext.iod        2457764.4351897999  2457764.4402951784      73991.22      54323.26     80.87      2.53   36204.8
s1_2017-01-10T22-26-59_ext.iod        2457764.4355877000  2457764.4406930525      73993.60      54324.50     78.31      2.39   36710.3
s1_2017-01-10T22-27-34_ext.iod        2457764.4359881999  2457764.4410935263      73996.39      54326.13     79.73      2.48   36427.9
s1_2017-01-11T03-23-25_ext.iod        2457764.6414460000  2457764.6465376690      74433.49      54313.22    146.24      5.81    2354.4
s1_2017-01-11T03-24-00_ext.iod        2457764.6418478000  2457764.6469394420      74445.21      54324.54     95.09      3.45    6786.0
s1_2017-01-11T03-24-34_ext.iod        2457764.6422441001  2457764.6473357156      74443.47      54322.42    104.92      3.77    7509.5
s1_2017-01-11T19-48-02_ext.iod        2457765.3252027999  2457765.3302492592      74106.96      54337.04     81.50      2.72   31811.0
s1_2017-01-11T19-48-36_ext.iod        2457765.3255985002  2457765.3306449335      74106.75      54335.89     81.10      2.54   36509.6
s1_2017-01-11T19-49-11_ext.iod        2457765.3259979999  2457765.3310444066      74107.01      54335.20     82.35      2.67   38164.9
s1_2017-01-11T21-29-32_ext.iod        2457765.3956856998  2457765.4007274900      74291.39      54336.31     75.31      2.33   53763.7
s1_2017-01-11T21-30-07_ext.iod        2457765.3960886998  2457765.4011304635      74294.43      54338.22     79.71      2.49   56388.3
s1_2017-01-11T21-30-41_ext.iod        2457765.3964817999  2457765.4015235370      74294.27      54336.95     81.15      2.54   53919.1
s1_2017-01-12T02-28-59_ext.iod        2457765.6036418998  2457765.6086696545      74805.32      54338.00    100.49      3.80    6528.9
s1_2017-01-12T02-29-34_ext.iod        2457765.6040400998  2457765.6090678270      74809.45      54341.54     90.61      3.40    7024.9
s1_2017-01-12T02-30-08_ext.iod        2457765.6044363002  2457765.6094640004      74807.38      54338.88     92.11      3.19    8140.1
s1_2017-01-13T19-57-12_ext.iod        2457767.3315655999  2457767.3364755753      74921.00      54354.71     79.76      2.48   47579.4
s1_2017-01-13T19-57-46_ext.iod        2457767.3319645999  2457767.3368745483      74923.00      54355.73     78.11      2.46   48779.1
s1_2017-01-13T19-58-20_ext.iod        2457767.3323569000  2457767.3372668214      74922.21      54353.97     83.54      2.62   47914.7
s1_2017-01-14T01-02-40_ext.iod        2457767.5436944999  2457767.5485897199      75463.15      54331.57    144.90      5.95    2321.2
s1_2017-01-14T01-03-14_ext.iod        2457767.5440897001  2457767.5489848922      75477.04      54344.60     86.37      2.84   15517.0
s1_2017-01-14T20-13-49_ext.iod        2457768.3431127998  2457768.3479520297      75264.12      54286.79     78.24      2.46   35347.7
s1_2017-01-14T20-14-24_ext.iod        2457768.3435081001  2457768.3483473025      75264.38      54286.04     75.82      2.44   42860.2
s1_2017-01-14T20-14-59_ext.iod        2457768.3439151002  2457768.3487542742      75267.87      54288.49     78.36      2.49   43769.0
s1_2017-01-15T00-52-44_ext.iod        2457768.5368049000  2457768.5416304059      75778.36      54281.92     74.75      2.45   38355.3
s1_2017-01-15T00-53-19_ext.iod        2457768.5372003000  2457768.5420257775      75777.18      54279.87     78.59      2.61   44432.4
s1_2017-01-15T00-53-53_ext.iod        2457768.5376010002  2457768.5424264488      75778.95      54280.76     76.30      2.57   41789.4
s1_2017-01-15T19-53-09_ext.iod        2457769.3287550998  2457769.3335241540      75635.39      54318.11     85.01      3.05   29061.4
s1_2017-01-15T19-53-43_ext.iod        2457769.3291501999  2457769.3339192262      75633.80      54315.55     91.07      3.12   30457.3
s1_2017-01-15T19-54-17_ext.iod        2457769.3295467002  2457769.3343156986      75636.48      54317.25     87.88      3.02   30127.7
s1_2017-01-16T00-43-15_ext.iod        2457769.5302090002  2457769.5349635468      76193.15      54337.26     82.45      2.64   26480.8
s1_2017-01-16T00-43-49_ext.iod        2457769.5306044999  2457769.5353590180      76193.45      54336.68     80.41      2.64   25877.5
s1_2017-01-16T00-44-23_ext.iod        2457769.5310057001  2457769.5357601889      76193.29      54335.62     78.37      2.56   22725.1
s1_2017-01-16T19-55-33_ext.iod        2457770.3304180000  2457770.3351145303      76093.02      54401.64     80.08      2.75   35711.7
s1_2017-01-16T19-56-09_ext.iod        2457770.3308397001  2457770.3355361996      76095.06      54402.63     80.58      2.50   35155.0
s1_2017-01-16T19-56-44_ext.iod        2457770.3312459001  2457770.3359423704      76095.49      54402.04     74.44      2.34   35984.0
s1_2017-01-17T00-53-34_ext.iod        2457770.5373825999  2457770.5420639622      76653.38      54413.93     76.62      2.45   41025.2
s1_2017-01-17T00-54-09_ext.iod        2457770.5377822001  2457770.5424635331      76656.47      54416.16     75.56      2.33   35413.1
s1_2017-01-17T00-54-43_ext.iod        2457770.5381748001  2457770.5428561037      76655.57      54414.42     82.15      2.60   36037.4
s1_2017-01-20T00-45-51_ext.iod        2457773.5320158000  2457773.5364724845      77616.82      54324.38     74.65      2.40   37231.9
s1_2017-01-20T00-46-25_ext.iod        2457773.5324102002  2457773.5368668544      77618.96      54325.70     76.47      2.54   46986.2
s1_2017-01-20T00-47-00_ext.iod        2457773.5328151998  2457773.5372718223      77618.94      54324.84     75.44      2.49   42613.2
s1_2017-01-24T00-45-24_ext.iod        2457777.5317107998  2457777.5358516583      79033.64      54421.39     79.68      2.77   22384.8
s1_2017-01-24T00-45-58_ext.iod        2457777.5321062999  2457777.5362471258      79032.36      54419.35     75.03      2.55   26371.0
s1_2017-01-24T00-46-33_ext.iod        2457777.5325055001  2457777.5366462935      79034.53      54420.75     76.57      2.53   28698.3
s1_2017-01-24T20-17-35_ext.iod        2457778.3457221002  2457778.3497966663      78865.50      54415.15     78.89      2.72   35035.1
s1_2017-01-24T20-18-09_ext.iod        2457778.3461179999  2457778.3501925338      78868.93      54417.53     82.97      2.84   42525.7
s1_2017-01-24T20-18-43_ext.iod        2457778.3465133002  2457778.3505878015      78867.99      54415.53     82.62      2.77   39107.6
s1_2017-01-25T00-44-38_ext.iod        2457778.5311691002  2457778.5352283893      79317.64      54395.31     82.31      2.82   46547.2
s1_2017-01-25T00-45-12_ext.iod        2457778.5315649002  2457778.5356241562      79319.99      54396.91     84.32      2.81   46239.4
s1_2017-01-25T00-45-46_ext.iod        2457778.5319665000  2457778.5360257230      79319.81      54395.96     84.07      2.93   42434.4
s1_2017-01-25T19-10-19_ext.iod        2457779.2990049999  2457779.3030009796      78929.45      54291.17     99.17      3.95    7068.1
s1_2017-01-25T19-10-53_ext.iod        2457779.2994059999  2457779.3034019466      78922.62      54283.38     89.99      3.47    9154.1
s1_2017-01-25T19-11-28_ext.iod        2457779.2998036002  2457779.3037995142      78919.40      54279.21    101.52      3.72    8287.7
s1_2017-01-27T19-12-00_ext.iod        2457781.3001791001  2457781.3040072662      79597.88      54368.27     90.41      3.26   28722.9
s1_2017-01-27T19-12-34_ext.iod        2457781.3005738002  2457781.3044019332      79597.69      54367.12     82.05      3.04   30491.1
s1_2017-01-27T19-13-09_ext.iod        2457781.3009784999  2457781.3048065989      79602.25      54370.71     81.64      3.05   31022.8
s1_2017-01-29T19-14-00_ext.iod        2457783.3015661999  2457783.3052227939      80176.61      54388.70     83.24      2.94   26885.5
s1_2017-01-29T19-14-34_ext.iod        2457783.3019653000  2457783.3056218596      80175.63      54386.74     83.20      3.02   28915.2
s1_2017-01-29T19-15-09_ext.iod        2457783.3023647000  2457783.3060212256      80176.77      54386.90     84.71      3.02   31698.2
s1_2017-01-30T19-15-21_ext.iod        2457784.3025091998  2457784.3060786552      80381.74      54327.08     89.90      3.20   19032.7
s1_2017-01-30T19-15-56_ext.iod        2457784.3029140998  2457784.3064835197      80382.66      54327.00     81.70      2.68   24216.9
s1_2017-01-30T19-16-32_ext.iod        2457784.3033308000  2457784.3069001837      80386.67      54329.98     91.20      3.09   22397.1
